0.000000000000000000e+00
2.327837051406401667e-02
2.424830261881668128e-02
2.521823472356934936e-02
3.055286129970902209e-02
3.297769156159068710e-02
3.637245392822502366e-02
3.928225024248302444e-02
4.122211445198836061e-02
4.219204655674102522e-02
4.607177497575169756e-02
4.898157129000969834e-02
5.043646944713869873e-02
5.189136760426769912e-02
5.383123181377303529e-02
5.771096023278370762e-02
6.159068865179437302e-02
6.450048496605237380e-02
6.789524733268671730e-02
7.225994180407371847e-02
7.468477206595537654e-02
7.613967022308439081e-02
8.098933074684772082e-02
8.195926285160039237e-02
8.826382153249272278e-02
8.923375363724539433e-02
9.602327837051406745e-02
9.699321047526672512e-02
1.032977691561590694e-01
1.047526673132880698e-01
1.139670223084384149e-01
1.149369544131910725e-01
1.260911736178467468e-01
1.270611057225994045e-01
1.280310378273520899e-01
1.280310378273520899e-01
1.285160038797284188e-01
1.285160038797284188e-01
1.319107662463627484e-01
1.333656644034917627e-01
1.556741028128031112e-01
1.566440349175557689e-01
1.585838991270611120e-01
1.585838991270611120e-01
1.673132880698351144e-01
1.692531522793404575e-01
1.731328806983511159e-01
1.731328806983511159e-01
1.760426770126091167e-01
1.760426770126091167e-01
1.838021338506304614e-01
1.847720659553831191e-01
1.871968962172647910e-01
1.871968962172647910e-01
1.915615906886518061e-01
1.925315227934044637e-01
1.993210475266731230e-01
1.993210475266731230e-01
2.032007759456838092e-01
2.041707080504364669e-01
2.138700290979631546e-01
2.148399612027158123e-01
2.182347235693501419e-01
2.192046556741027996e-01
2.366634335596508321e-01
2.366634335596508321e-01
2.410281280310378194e-01
2.410281280310378194e-01
2.478176527643065064e-01
2.487875848690591640e-01
2.536372453928225079e-01
2.550921435499515222e-01
2.550921435499515222e-01
2.594568380213385095e-01
2.594568380213385095e-01
2.599418040737148661e-01
2.618816682832201814e-01
2.822502424830262147e-01
2.822502424830262147e-01
2.851600387972841877e-01
2.866149369544132020e-01
2.895247332686711750e-01
2.895247332686711750e-01
2.958292919495635331e-01
2.958292919495635331e-01
3.094083414161008516e-01
3.094083414161008516e-01
3.098933074684772082e-01
3.098933074684772082e-01
3.176527643064985251e-01
3.176527643064985251e-01
3.438409311348205599e-01
3.438409311348205599e-01
3.690591658583899370e-01
3.690591658583899370e-01
3.918525703200775867e-01
3.918525703200775867e-01
3.957322987390882729e-01
3.957322987390882729e-01
4.020368574199805756e-01
4.020368574199805756e-01
4.030067895247332888e-01
4.093113482056255914e-01
4.093113482056255914e-01
4.112512124151309623e-01
4.112512124151309623e-01
4.131910766246362776e-01
4.131910766246362776e-01
4.175557710960232649e-01
4.175557710960232649e-01
4.199806013579049369e-01
4.199806013579049369e-01
4.253152279340446373e-01
4.253152279340446373e-01
4.403491755577109701e-01
4.403491755577109701e-01
4.413191076624636278e-01
4.437439379243452997e-01
4.447138700290979574e-01
4.461687681862269717e-01
4.461687681862269717e-01
4.587778855480116325e-01
4.597478176527642901e-01
4.631425800193986198e-01
4.631425800193986198e-01
4.689621726479146213e-01
4.689621726479146213e-01
4.699321047526673345e-01
4.699321047526673345e-01
4.704170708050436356e-01
4.704170708050436356e-01
4.738118331716779652e-01
4.738118331716779652e-01
4.801163918525703234e-01
4.801163918525703234e-01
4.810863239573229810e-01
4.810863239573229810e-01
4.888457807953443535e-01
4.888457807953443535e-01
4.927255092143549842e-01
4.927255092143549842e-01
4.941804073714839984e-01
4.951503394762366561e-01
4.966052376333656704e-01
4.966052376333656704e-01
5.019398642095053154e-01
5.019398642095053154e-01
5.048496605237633439e-01
5.048496605237633439e-01
5.053346265761397005e-01
5.053346265761397005e-01
5.174587778855480602e-01
5.184287099903006624e-01
5.218234723569350475e-01
5.218234723569350475e-01
5.261881668283220348e-01
5.261881668283220348e-01
5.281280310378273501e-01
5.281280310378273501e-01
5.339476236663434072e-01
5.339476236663434072e-01
5.387972841901066401e-01
5.387972841901066401e-01
5.417070805043646686e-01
5.417070805043646686e-01
5.489815712900096845e-01
5.489815712900096845e-01
5.509214354995149998e-01
5.509214354995149998e-01
5.518913676042677130e-01
5.518913676042677130e-01
5.572259941804074135e-01
5.577109602327836591e-01
5.581959262851600156e-01
5.581959262851600156e-01
5.591658583899127288e-01
5.591658583899127288e-01
5.601357904946653310e-01
5.601357904946653310e-01
5.625606207565470029e-01
5.625606207565470029e-01
5.635305528612997161e-01
5.635305528612997161e-01
5.678952473326867034e-01
5.678952473326867034e-01
5.688651794374394166e-01
5.688651794374394166e-01
5.693501454898156622e-01
5.693501454898156622e-01
5.703200775945683754e-01
5.703200775945683754e-01
5.761396702230844324e-01
5.761396702230844324e-01
5.766246362754606780e-01
5.766246362754606780e-01
5.800193986420950631e-01
5.800193986420950631e-01
5.853540252182347636e-01
5.853540252182347636e-01
5.863239573229873658e-01
5.863239573229873658e-01
5.877788554801164356e-01
5.877788554801164356e-01
5.887487875848690377e-01
5.887487875848690377e-01
5.892337536372453943e-01
5.892337536372453943e-01
5.921435499515034229e-01
5.921435499515034229e-01
5.935984481086323816e-01
5.935984481086323816e-01
5.955383123181376970e-01
5.955383123181376970e-01
5.960232783705140536e-01
5.960232783705140536e-01
6.018428709990301106e-01
6.018428709990301106e-01
6.028128031037827128e-01
6.028128031037827128e-01
6.071774975751697001e-01
6.071774975751697001e-01
6.081474296799224133e-01
6.081474296799224133e-01
6.096023278370513721e-01
6.096023278370513721e-01
6.100872938894277286e-01
6.100872938894277286e-01
6.197866149369544164e-01
6.197866149369544164e-01
6.217264791464597318e-01
6.217264791464597318e-01
6.226964112512124450e-01
6.226964112512124450e-01
6.270611057225994323e-01
6.270611057225994323e-01
6.304558680892337064e-01
6.304558680892337064e-01
6.319107662463627761e-01
6.319107662463627761e-01
6.323957322987391327e-01
6.323957322987391327e-01
6.338506304558680915e-01
6.338506304558680915e-01
6.348205625606208047e-01
6.348205625606208047e-01
6.401551891367603941e-01
6.401551891367603941e-01
6.430649854510184227e-01
6.430649854510184227e-01
6.435499515033947793e-01
6.435499515033947793e-01
6.440349175557711359e-01
6.440349175557711359e-01
6.464597478176528078e-01
6.464597478176528078e-01
6.474296799224054100e-01
6.474296799224054100e-01
6.488845780795344798e-01
6.488845780795344798e-01
6.493695441319107253e-01
6.493695441319107253e-01
6.513094083414161517e-01
6.513094083414161517e-01
6.571290009699320978e-01
6.571290009699320978e-01
6.580989330746848109e-01
6.580989330746848109e-01
6.585838991270610565e-01
6.585838991270610565e-01
6.600387972841901263e-01
6.600387972841901263e-01
6.614936954413190850e-01
6.614936954413190850e-01
6.629485935984481548e-01
6.629485935984481548e-01
6.668283220174587855e-01
6.668283220174587855e-01
6.673132880698351421e-01
6.673132880698351421e-01
6.677982541222114987e-01
6.677982541222114987e-01
6.687681862269641009e-01
6.687681862269641009e-01
6.711930164888457728e-01
6.711930164888457728e-01
6.721629485935984860e-01
6.745877788554801580e-01
6.745877788554801580e-01
6.750727449078564035e-01
6.750727449078564035e-01
6.765276430649854733e-01
6.765276430649854733e-01
6.799224054316197474e-01
6.799224054316197474e-01
6.804073714839961040e-01
6.804073714839961040e-01
6.823472356935014194e-01
6.823472356935014194e-01
6.838021338506304891e-01
6.838021338506304891e-01
6.842870999030067347e-01
6.842870999030067347e-01
6.847720659553830913e-01
6.847720659553830913e-01
6.886517943743938330e-01
6.886517943743938330e-01
6.891367604267700786e-01
6.891367604267700786e-01
6.896217264791464352e-01
6.896217264791464352e-01
6.905916585838991484e-01
6.905916585838991484e-01
6.910766246362755050e-01
6.910766246362755050e-01
6.925315227934044637e-01
6.925315227934044637e-01
6.939864209505334225e-01
6.939864209505334225e-01
6.954413191076624923e-01
6.954413191076624923e-01
6.983511154219205208e-01
6.983511154219205208e-01
6.988360814742967664e-01
6.988360814742967664e-01
7.012609117361784383e-01
7.012609117361784383e-01
7.022308438409311515e-01
7.022308438409311515e-01
7.061105722599417822e-01
7.061105722599417822e-01
7.065955383123181388e-01
7.065955383123181388e-01
7.070805043646944954e-01
7.070805043646944954e-01
7.080504364694470976e-01
7.080504364694470976e-01
7.099903006789525239e-01
7.099903006789525239e-01
7.104752667313287695e-01
7.104752667313287695e-01
7.109602327837051261e-01
7.109602327837051261e-01
7.124151309408341959e-01
7.124151309408341959e-01
7.167798254122211832e-01
7.167798254122211832e-01
7.182347235693501419e-01
7.182347235693501419e-01
7.187196896217264985e-01
7.192046556741028551e-01
7.192046556741028551e-01
7.196896217264791007e-01
7.196896217264791007e-01
7.216294859359845271e-01
7.216294859359845271e-01
7.221144519883607726e-01
7.221144519883607726e-01
7.245392822502424446e-01
7.245392822502424446e-01
7.279340446168768297e-01
7.279340446168768297e-01
7.284190106692531863e-01
7.284190106692531863e-01
7.303588748787585017e-01
7.303588748787585017e-01
7.308438409311348583e-01
7.308438409311348583e-01
7.313288069835111038e-01
7.313288069835111038e-01
7.322987390882638170e-01
7.322987390882638170e-01
7.332686711930165302e-01
7.332686711930165302e-01
7.381183317167798741e-01
7.381183317167798741e-01
7.395732298739088328e-01
7.395732298739088328e-01
7.410281280310377916e-01
7.410281280310377916e-01
7.415130940834141482e-01
7.415130940834141482e-01
7.419980601357905048e-01
7.419980601357905048e-01
7.429679922405431070e-01
7.429679922405431070e-01
7.458777885548011355e-01
7.458777885548011355e-01
7.463627546071774921e-01
7.463627546071774921e-01
7.473326867119302053e-01
7.473326867119302053e-01
7.478176527643064508e-01
7.478176527643064508e-01
7.512124151309408360e-01
7.512124151309408360e-01
7.526673132880697947e-01
7.526673132880697947e-01
7.555771096023278233e-01
7.555771096023278233e-01
7.560620756547041799e-01
7.560620756547041799e-01
7.570320077594568930e-01
7.570320077594568930e-01
7.580019398642094952e-01
7.580019398642094952e-01
7.589718719689622084e-01
7.589718719689622084e-01
7.594568380213384540e-01
7.594568380213384540e-01
7.599418040737148106e-01
7.599418040737148106e-01
7.609117361784675238e-01
7.609117361784675238e-01
7.618816682832201259e-01
7.618816682832201259e-01
7.633365664403491957e-01
7.633365664403491957e-01
7.647914645974781545e-01
7.647914645974781545e-01
7.677012609117361830e-01
7.677012609117361830e-01
7.686711930164888962e-01
7.686711930164888962e-01
7.691561590688651417e-01
7.691561590688651417e-01
7.696411251212414983e-01
7.696411251212414983e-01
7.706110572259942115e-01
7.706110572259942115e-01
7.710960232783705681e-01
7.710960232783705681e-01
7.715809893307468137e-01
7.715809893307468137e-01
7.720659553831231703e-01
7.720659553831231703e-01
7.725509214354995269e-01
7.725509214354995269e-01
7.730358874878758835e-01
7.730358874878758835e-01
7.735208535402521290e-01
7.735208535402521290e-01
7.744907856450048422e-01
7.744907856450048422e-01
7.754607177497575554e-01
7.754607177497575554e-01
7.759456838021338010e-01
7.759456838021338010e-01
7.769156159068865142e-01
7.769156159068865142e-01
7.778855480116392274e-01
7.778855480116392274e-01
7.783705140640154729e-01
7.783705140640154729e-01
7.788554801163918295e-01
7.788554801163918295e-01
7.793404461687681861e-01
7.793404461687681861e-01
7.798254122211445427e-01
7.798254122211445427e-01
7.812803103782735015e-01
7.812803103782735015e-01
7.817652764306498581e-01
7.817652764306498581e-01
7.837051406401551734e-01
7.837051406401551734e-01
7.846750727449078866e-01
7.846750727449078866e-01
7.866149369544132020e-01
7.866149369544132020e-01
7.870999030067895585e-01
7.870999030067895585e-01
7.890397672162948739e-01
7.890397672162948739e-01
7.914645974781765458e-01
7.914645974781765458e-01
7.919495635305529024e-01
7.919495635305529024e-01
7.929194956353055046e-01
7.929194956353055046e-01
7.938894277400582178e-01
7.938894277400582178e-01
7.953443258971871765e-01
7.953443258971871765e-01
7.958292919495635331e-01
7.963142580019398897e-01
7.992240543161979183e-01
7.992240543161979183e-01
8.006789524733268770e-01
8.006789524733268770e-01
8.011639185257032336e-01
8.011639185257032336e-01
8.016488845780794792e-01
8.016488845780794792e-01
8.021338506304558358e-01
8.021338506304558358e-01
8.026188166828321924e-01
8.026188166828321924e-01
8.050436469447138643e-01
8.050436469447138643e-01
8.055286129970902209e-01
8.055286129970902209e-01
8.060135790494665775e-01
8.060135790494665775e-01
8.064985451018428231e-01
8.064985451018428231e-01
8.074684772065955363e-01
8.074684772065955363e-01
8.079534432589718929e-01
8.079534432589718929e-01
8.089233753637244950e-01
8.089233753637244950e-01
8.098933074684772082e-01
8.098933074684772082e-01
8.108632395732299214e-01
8.108632395732299214e-01
8.113482056256061670e-01
8.113482056256061670e-01
8.132880698351115933e-01
8.132880698351115933e-01
8.181377303588748262e-01
8.181377303588748262e-01
8.186226964112511828e-01
8.186226964112511828e-01
8.195926285160038960e-01
8.195926285160038960e-01
8.205625606207564982e-01
8.205625606207564982e-01
8.215324927255092113e-01
8.215324927255092113e-01
8.225024248302619245e-01
8.225024248302619245e-01
8.229873908826381701e-01
8.229873908826381701e-01
8.234723569350145267e-01
8.234723569350145267e-01
8.244422890397672399e-01
8.244422890397672399e-01
8.249272550921435965e-01
8.249272550921435965e-01
8.254122211445198420e-01
8.254122211445198420e-01
8.258971871968961986e-01
8.258971871968961986e-01
8.273520853540252684e-01
8.273520853540252684e-01
8.278370514064015140e-01
8.278370514064015140e-01
8.302618816682831859e-01
8.302618816682831859e-01
8.317167798254122557e-01
8.317167798254122557e-01
8.326867119301648579e-01
8.326867119301648579e-01
8.331716779825412145e-01
8.331716779825412145e-01
8.336566440349175711e-01
8.336566440349175711e-01
8.341416100872939277e-01
8.341416100872939277e-01
8.346265761396701732e-01
8.346265761396701732e-01
8.351115421920465298e-01
8.351115421920465298e-01
8.365664403491755996e-01
8.365664403491755996e-01
8.370514064015518452e-01
8.370514064015518452e-01
8.375363724539282018e-01
8.375363724539282018e-01
8.389912706110572715e-01
8.389912706110572715e-01
8.394762366634335171e-01
8.394762366634335171e-01
8.404461687681862303e-01
8.404461687681862303e-01
8.409311348205625869e-01
8.409311348205625869e-01
8.414161008729389435e-01
8.414161008729389435e-01
8.428709990300679022e-01
8.428709990300679022e-01
8.433559650824442588e-01
8.433559650824442588e-01
8.443258971871968610e-01
8.443258971871968610e-01
8.448108632395732176e-01
8.448108632395732176e-01
8.452958292919495742e-01
8.452958292919495742e-01
8.457807953443259308e-01
8.457807953443259308e-01
8.462657613967021764e-01
8.462657613967021764e-01
8.482056256062076027e-01
8.482056256062076027e-01
8.486905916585838483e-01
8.486905916585838483e-01
8.496605237633365615e-01
8.496605237633365615e-01
8.501454898157129181e-01
8.501454898157129181e-01
8.506304558680892747e-01
8.506304558680892747e-01
8.511154219204655202e-01
8.511154219204655202e-01
8.530552861299709466e-01
8.530552861299709466e-01
8.540252182347235488e-01
8.540252182347235488e-01
8.545101842870999054e-01
8.545101842870999054e-01
8.554801163918526186e-01
8.554801163918526186e-01
8.579049466537342905e-01
8.588748787584868927e-01
8.588748787584868927e-01
8.593598448108632493e-01
8.593598448108632493e-01
8.598448108632396059e-01
8.598448108632396059e-01
8.612997090203685646e-01
8.612997090203685646e-01
8.617846750727449212e-01
8.617846750727449212e-01
8.622696411251212778e-01
8.622696411251212778e-01
8.622696411251212778e-01
8.642095053346265932e-01
8.642095053346265932e-01
8.656644034917555519e-01
8.656644034917555519e-01
8.661493695441319085e-01
8.661493695441319085e-01
8.666343355965082651e-01
8.666343355965082651e-01
8.671193016488846217e-01
8.671193016488846217e-01
8.685741998060135804e-01
8.685741998060135804e-01
8.690591658583899370e-01
8.690591658583899370e-01
8.695441319107662936e-01
8.695441319107662936e-01
8.714839961202716090e-01
8.714839961202716090e-01
8.729388942774005677e-01
8.729388942774005677e-01
8.734238603297769243e-01
8.734238603297769243e-01
8.739088263821532809e-01
8.739088263821532809e-01
8.748787584869058831e-01
8.748787584869058831e-01
8.758486905916585963e-01
8.758486905916585963e-01
8.768186226964111984e-01
8.768186226964111984e-01
8.777885548011639116e-01
8.777885548011639116e-01
8.792434529582928704e-01
8.792434529582928704e-01
8.802133850630455836e-01
8.802133850630455836e-01
8.811833171677982968e-01
8.811833171677982968e-01
8.831231813773036121e-01
8.831231813773036121e-01
8.840931134820562143e-01
8.840931134820562143e-01
8.845780795344325709e-01
8.845780795344325709e-01
8.850630455868089275e-01
8.850630455868089275e-01
8.865179437439378862e-01
8.865179437439378862e-01
8.879728419010669560e-01
8.879728419010669560e-01
8.884578079534433126e-01
8.884578079534433126e-01
8.889427740058195582e-01
8.889427740058195582e-01
8.894277400581959148e-01
8.894277400581959148e-01
8.899127061105722714e-01
8.899127061105722714e-01
8.903976721629486279e-01
8.903976721629486279e-01
8.908826382153248735e-01
8.908826382153248735e-01
8.913676042677012301e-01
8.913676042677012301e-01
8.923375363724539433e-01
8.923375363724539433e-01
8.937924345295829021e-01
8.937924345295829021e-01
8.942774005819592587e-01
8.942774005819592587e-01
8.967022308438409306e-01
8.967022308438409306e-01
8.971871968962172872e-01
8.971871968962172872e-01
8.976721629485936438e-01
8.976721629485936438e-01
8.981571290009698894e-01
8.981571290009698894e-01
8.986420950533462459e-01
8.986420950533462459e-01
8.991270611057226025e-01
8.991270611057226025e-01
8.996120271580989591e-01
8.996120271580989591e-01
9.005819592628515613e-01
9.005819592628515613e-01
9.010669253152279179e-01
9.010669253152279179e-01
9.015518913676042745e-01
9.015518913676042745e-01
9.020368574199806311e-01
9.020368574199806311e-01
9.030067895247332332e-01
9.030067895247332332e-01
9.039767216294859464e-01
9.039767216294859464e-01
9.049466537342385486e-01
9.049466537342385486e-01
9.073714839961202205e-01
9.073714839961202205e-01
9.078564500484965771e-01
9.078564500484965771e-01
9.083414161008729337e-01
9.083414161008729337e-01
9.088263821532492903e-01
9.088263821532492903e-01
9.107662463627546057e-01
9.107662463627546057e-01
9.112512124151309623e-01
9.112512124151309623e-01
9.117361784675073189e-01
9.117361784675073189e-01
9.131910766246362776e-01
9.131910766246362776e-01
9.136760426770126342e-01
9.136760426770126342e-01
9.141610087293889908e-01
9.141610087293889908e-01
9.146459747817652364e-01
9.146459747817652364e-01
9.151309408341415930e-01
9.151309408341415930e-01
9.156159068865179496e-01
9.156159068865179496e-01
9.161008729388943062e-01
9.161008729388943062e-01
9.165858389912706627e-01
9.165858389912706627e-01
9.175557710960232649e-01
9.175557710960232649e-01
9.180407371483996215e-01
9.180407371483996215e-01
9.185257032007759781e-01
9.185257032007759781e-01
9.190106692531523347e-01
9.190106692531523347e-01
9.194956353055285803e-01
9.194956353055285803e-01
9.204655674102812934e-01
9.204655674102812934e-01
9.209505334626576500e-01
9.209505334626576500e-01
9.224054316197866088e-01
9.224054316197866088e-01
9.238603297769155676e-01
9.238603297769155676e-01
9.243452958292919242e-01
9.243452958292919242e-01
9.248302618816682807e-01
9.248302618816682807e-01
9.258001939864209939e-01
9.258001939864209939e-01
9.262851600387972395e-01
9.262851600387972395e-01
9.267701260911735961e-01
9.267701260911735961e-01
9.272550921435499527e-01
9.272550921435499527e-01
9.282250242483026659e-01
9.282250242483026659e-01
9.287099903006789114e-01
9.287099903006789114e-01
9.291949563530552680e-01
9.291949563530552680e-01
9.296799224054316246e-01
9.296799224054316246e-01
9.301648884578079812e-01
9.301648884578079812e-01
9.306498545101843378e-01
9.306498545101843378e-01
9.311348205625605834e-01
9.311348205625605834e-01
9.316197866149369400e-01
9.316197866149369400e-01
9.321047526673132966e-01
9.321047526673132966e-01
9.330746847720660098e-01
9.330746847720660098e-01
9.340446168768186119e-01
9.340446168768186119e-01
9.345295829291949685e-01
9.345295829291949685e-01
9.350145489815713251e-01
9.350145489815713251e-01
9.359844810863239273e-01
9.359844810863239273e-01
9.374393792434529971e-01
9.374393792434529971e-01
9.384093113482055992e-01
9.384093113482055992e-01
9.388942774005819558e-01
9.388942774005819558e-01
9.398642095053346690e-01
9.398642095053346690e-01
9.403491755577109146e-01
9.403491755577109146e-01
9.408341416100872712e-01
9.408341416100872712e-01
9.422890397672163409e-01
9.422890397672163409e-01
9.432589718719689431e-01
9.432589718719689431e-01
9.437439379243452997e-01
9.437439379243452997e-01
9.447138700290980129e-01
9.447138700290980129e-01
9.451988360814742585e-01
9.451988360814742585e-01
9.456838021338506151e-01
9.456838021338506151e-01
9.466537342386033282e-01
9.466537342386033282e-01
9.471387002909796848e-01
9.471387002909796848e-01
9.476236663433559304e-01
9.476236663433559304e-01
9.485935984481086436e-01
9.485935984481086436e-01
9.490785645004850002e-01
9.490785645004850002e-01
9.495635305528612458e-01
9.495635305528612458e-01
9.505334626576139589e-01
9.505334626576139589e-01
9.515033947623666721e-01
9.515033947623666721e-01
9.524733268671192743e-01
9.524733268671192743e-01
9.529582929194956309e-01
9.529582929194956309e-01
9.534432589718719875e-01
9.534432589718719875e-01
9.548981571290009462e-01
9.548981571290009462e-01
9.553831231813773028e-01
9.553831231813773028e-01
9.558680892337536594e-01
9.558680892337536594e-01
9.563530552861300160e-01
9.563530552861300160e-01
9.568380213385062616e-01
9.568380213385062616e-01
9.573229873908826182e-01
9.573229873908826182e-01
9.587778855480116880e-01
9.587778855480116880e-01
9.592628516003879335e-01
9.592628516003879335e-01
9.602327837051406467e-01
9.602327837051406467e-01
9.612027158098933599e-01
9.612027158098933599e-01
9.616876818622696055e-01
9.616876818622696055e-01
9.626576139670223187e-01
9.626576139670223187e-01
9.631425800193986753e-01
9.631425800193986753e-01
9.636275460717749208e-01
9.636275460717749208e-01
9.641125121241512774e-01
9.641125121241512774e-01
9.645974781765276340e-01
9.645974781765276340e-01
9.650824442289039906e-01
9.650824442289039906e-01
9.655674102812803472e-01
9.655674102812803472e-01
9.665373423860329494e-01
9.665373423860329494e-01
9.670223084384093060e-01
9.670223084384093060e-01
9.675072744907856626e-01
9.675072744907856626e-01
9.679922405431620192e-01
9.679922405431620192e-01
9.684772065955382647e-01
9.684772065955382647e-01
9.689621726479146213e-01
9.689621726479146213e-01
9.694471387002909779e-01
9.694471387002909779e-01
9.699321047526673345e-01
9.699321047526673345e-01
9.704170708050436911e-01
9.704170708050436911e-01
9.709020368574199367e-01
9.709020368574199367e-01
9.713870029097962933e-01
9.713870029097962933e-01
9.718719689621726499e-01
9.718719689621726499e-01
9.723569350145490064e-01
9.723569350145490064e-01
9.733268671193016086e-01
9.733268671193016086e-01
9.742967992240543218e-01
9.742967992240543218e-01
9.747817652764306784e-01
9.747817652764306784e-01
9.752667313288070350e-01
9.752667313288070350e-01
9.757516973811832806e-01
9.757516973811832806e-01
9.762366634335596371e-01
9.762366634335596371e-01
9.772065955383123503e-01
9.772065955383123503e-01
9.776915615906887069e-01
9.776915615906887069e-01
9.781765276430649525e-01
9.781765276430649525e-01
9.796314258001940223e-01
9.796314258001940223e-01
9.801163918525702679e-01
9.801163918525702679e-01
9.806013579049466244e-01
9.806013579049466244e-01
9.815712900096993376e-01
9.815712900096993376e-01
9.820562560620756942e-01
9.820562560620756942e-01
9.825412221144519398e-01
9.825412221144519398e-01
9.830261881668282964e-01
9.830261881668282964e-01
9.839961202715810096e-01
9.839961202715810096e-01
9.844810863239573662e-01
9.844810863239573662e-01
9.849660523763336117e-01
9.849660523763336117e-01
9.854510184287099683e-01
9.854510184287099683e-01
9.859359844810863249e-01
9.859359844810863249e-01
9.864209505334626815e-01
9.864209505334626815e-01
9.869059165858390381e-01
9.869059165858390381e-01
9.873908826382152837e-01
9.873908826382152837e-01
9.888457807953443535e-01
9.888457807953443535e-01
9.893307468477207101e-01
9.893307468477207101e-01
9.898157129000969556e-01
9.898157129000969556e-01
9.903006789524733122e-01
9.903006789524733122e-01
9.907856450048496688e-01
9.907856450048496688e-01
9.907856450048496688e-01
9.907856450048496688e-01
9.912706110572260254e-01
9.912706110572260254e-01
9.917555771096023820e-01
9.917555771096023820e-01
9.922405431619786276e-01
9.922405431619786276e-01
9.927255092143549842e-01
9.927255092143549842e-01
9.932104752667313408e-01
9.932104752667313408e-01
9.936954413191076974e-01
9.936954413191076974e-01
9.941804073714839429e-01
9.941804073714839429e-01
9.946653734238602995e-01
9.946653734238602995e-01
9.951503394762366561e-01
9.951503394762366561e-01
9.956353055286130127e-01
9.956353055286130127e-01
9.961202715809893693e-01
9.961202715809893693e-01
9.966052376333656149e-01
9.966052376333656149e-01
9.970902036857419715e-01
9.970902036857419715e-01
9.975751697381183281e-01
9.975751697381183281e-01
9.980601357904946846e-01
9.980601357904946846e-01
9.985451018428710412e-01
9.985451018428710412e-01
9.990300678952472868e-01
9.990300678952472868e-01
9.995150339476236434e-01
9.995150339476236434e-01
1.000000000000000000e+00
1.000000000000000000e+00
