0.000000000000000000e+00
0.000000000000000000e+00
0.000000000000000000e+00
0.000000000000000000e+00
0.000000000000000000e+00
0.000000000000000000e+00
0.000000000000000000e+00
0.000000000000000000e+00
0.000000000000000000e+00
0.000000000000000000e+00
0.000000000000000000e+00
0.000000000000000000e+00
0.000000000000000000e+00
0.000000000000000000e+00
0.000000000000000000e+00
0.000000000000000000e+00
0.000000000000000000e+00
0.000000000000000000e+00
0.000000000000000000e+00
0.000000000000000000e+00
0.000000000000000000e+00
0.000000000000000000e+00
0.000000000000000000e+00
0.000000000000000000e+00
0.000000000000000000e+00
0.000000000000000000e+00
0.000000000000000000e+00
0.000000000000000000e+00
0.000000000000000000e+00
0.000000000000000000e+00
0.000000000000000000e+00
0.000000000000000000e+00
0.000000000000000000e+00
0.000000000000000000e+00
0.000000000000000000e+00
5.621135469364811751e-04
5.621135469364811751e-04
1.124227093872962350e-03
1.124227093872962350e-03
1.124227093872962350e-03
1.124227093872962350e-03
1.124227093872962350e-03
1.124227093872962350e-03
1.686340640809443417e-03
1.686340640809443417e-03
1.686340640809443417e-03
1.686340640809443417e-03
2.248454187745924700e-03
2.248454187745924700e-03
2.810567734682405984e-03
2.810567734682405984e-03
2.810567734682405984e-03
2.810567734682405984e-03
3.372681281618886834e-03
3.372681281618886834e-03
3.372681281618886834e-03
3.372681281618886834e-03
3.934794828555368551e-03
3.934794828555368551e-03
3.934794828555368551e-03
3.934794828555368551e-03
3.934794828555368551e-03
3.934794828555368551e-03
3.934794828555368551e-03
3.934794828555368551e-03
4.496908375491849401e-03
4.496908375491849401e-03
5.059021922428330251e-03
5.059021922428330251e-03
5.059021922428330251e-03
5.059021922428330251e-03
5.059021922428330251e-03
5.621135469364811968e-03
5.621135469364811968e-03
6.183249016301292818e-03
6.183249016301292818e-03
6.183249016301292818e-03
6.183249016301292818e-03
6.745362563237773668e-03
6.745362563237773668e-03
6.745362563237773668e-03
6.745362563237773668e-03
7.307476110174255385e-03
7.307476110174255385e-03
7.869589657110737102e-03
7.869589657110737102e-03
8.431703204047217085e-03
8.431703204047217085e-03
8.993816750983698802e-03
8.993816750983698802e-03
9.555930297920180519e-03
9.555930297920180519e-03
1.011804384485666050e-02
1.011804384485666050e-02
1.068015739179314222e-02
1.068015739179314222e-02
1.124227093872962394e-02
1.124227093872962394e-02
1.180438448566610392e-02
1.180438448566610392e-02
1.236649803260258564e-02
1.236649803260258564e-02
1.236649803260258564e-02
1.292861157953906735e-02
1.292861157953906735e-02
1.517706576728499075e-02
1.517706576728499075e-02
1.573917931422147420e-02
1.573917931422147420e-02
1.630129286115795245e-02
1.630129286115795245e-02
1.686340640809443417e-02
1.686340640809443417e-02
1.798763350196739760e-02
1.798763350196739760e-02
1.854974704890387932e-02
1.854974704890387932e-02
1.854974704890387932e-02
1.854974704890387932e-02
1.854974704890387932e-02
1.911186059584036104e-02
1.911186059584036104e-02
1.911186059584036104e-02
1.911186059584036104e-02
1.967397414277683929e-02
1.967397414277683929e-02
2.023608768971332100e-02
2.023608768971332100e-02
2.079820123664980272e-02
2.079820123664980272e-02
2.136031478358628444e-02
2.136031478358628444e-02
2.192242833052276615e-02
2.192242833052276615e-02
2.248454187745924787e-02
2.248454187745924787e-02
2.304665542439572959e-02
2.304665542439572959e-02
2.360876897133220784e-02
2.360876897133220784e-02
2.417088251826868955e-02
2.417088251826868955e-02
2.417088251826868955e-02
2.417088251826868955e-02
2.473299606520517127e-02
2.473299606520517127e-02
2.529510961214165299e-02
2.529510961214165299e-02
2.585722315907813471e-02
2.585722315907813471e-02
2.641933670601461642e-02
2.641933670601461642e-02
2.698145025295109467e-02
2.698145025295109467e-02
2.754356379988757639e-02
2.754356379988757639e-02
2.810567734682405810e-02
2.810567734682405810e-02
2.866779089376053982e-02
2.866779089376053982e-02
2.922990444069702154e-02
2.922990444069702154e-02
3.035413153456998150e-02
3.035413153456998150e-02
3.091624508150646322e-02
3.091624508150646322e-02
3.147835862844294841e-02
3.147835862844294841e-02
3.204047217537942666e-02
3.204047217537942666e-02
3.260258572231590490e-02
3.260258572231590490e-02
3.316469926925239009e-02
3.316469926925239009e-02
3.372681281618886834e-02
3.372681281618886834e-02
3.428892636312535352e-02
3.428892636312535352e-02
3.485103991006183177e-02
3.485103991006183177e-02
3.541315345699831696e-02
3.541315345699831696e-02
3.597526700393479521e-02
3.597526700393479521e-02
3.653738055087127345e-02
3.653738055087127345e-02
3.709949409780775864e-02
3.709949409780775864e-02
3.766160764474423689e-02
3.766160764474423689e-02
3.878583473861720032e-02
3.878583473861720032e-02
3.934794828555367857e-02
3.934794828555367857e-02
3.991006183249016376e-02
3.991006183249016376e-02
4.047217537942664201e-02
4.047217537942664201e-02
4.103428892636312719e-02
4.103428892636312719e-02
4.272062956717256887e-02
4.272062956717256887e-02
4.328274311410904712e-02
4.328274311410904712e-02
4.384485666104553231e-02
4.384485666104553231e-02
4.440697020798201056e-02
4.440697020798201056e-02
4.496908375491849574e-02
4.496908375491849574e-02
4.553119730185497399e-02
4.553119730185497399e-02
4.609331084879145918e-02
4.609331084879145918e-02
4.665542439572793743e-02
4.665542439572793743e-02
4.721753794266441567e-02
4.721753794266441567e-02
4.777965148960090086e-02
4.777965148960090086e-02
4.834176503653737911e-02
4.834176503653737911e-02
4.890387858347386429e-02
4.890387858347386429e-02
4.946599213041034254e-02
4.946599213041034254e-02
5.002810567734682079e-02
5.002810567734682079e-02
5.171444631815626941e-02
5.171444631815626941e-02
5.227655986509274766e-02
5.227655986509274766e-02
5.283867341202923285e-02
5.283867341202923285e-02
5.340078695896571109e-02
5.340078695896571109e-02
5.396290050590218934e-02
5.396290050590218934e-02
5.452501405283867453e-02
5.452501405283867453e-02
5.508712759977515278e-02
5.508712759977515278e-02
5.621135469364811621e-02
5.621135469364811621e-02
5.677346824058460140e-02
5.677346824058460140e-02
5.789769533445755789e-02
5.789769533445755789e-02
5.845980888139404308e-02
5.845980888139404308e-02
5.958403597526700651e-02
5.958403597526700651e-02
6.070826306913996301e-02
6.070826306913996301e-02
6.127037661607644820e-02
6.127037661607644820e-02
6.239460370994941163e-02
6.239460370994941163e-02
6.295671725688589682e-02
6.295671725688589682e-02
6.351883080382236813e-02
6.351883080382236813e-02
6.408094435075885331e-02
6.408094435075885331e-02
6.464305789769533850e-02
6.464305789769533850e-02
6.576728499156829499e-02
6.576728499156829499e-02
6.632939853850478018e-02
6.632939853850478018e-02
6.689151208544126537e-02
6.689151208544126537e-02
6.745362563237773668e-02
6.745362563237773668e-02
6.857785272625070705e-02
6.857785272625070705e-02
6.913996627318717836e-02
6.913996627318717836e-02
7.026419336706014873e-02
7.026419336706014873e-02
7.138842046093310523e-02
7.138842046093310523e-02
7.195053400786959041e-02
7.195053400786959041e-02
7.251264755480607560e-02
7.251264755480607560e-02
7.251264755480607560e-02
7.307476110174254691e-02
7.307476110174254691e-02
7.419898819561551728e-02
7.419898819561551728e-02
7.532321528948847378e-02
7.532321528948847378e-02
7.588532883642495896e-02
7.588532883642495896e-02
7.644744238336144415e-02
7.644744238336144415e-02
7.869589657110735714e-02
7.869589657110735714e-02
7.925801011804384233e-02
7.925801011804384233e-02
7.982012366498032752e-02
7.982012366498032752e-02
8.038223721191681270e-02
8.038223721191681270e-02
8.094435075885328401e-02
8.094435075885328401e-02
8.206857785272625438e-02
8.206857785272625438e-02
8.263069139966272569e-02
8.263069139966272569e-02
8.319280494659921088e-02
8.319280494659921088e-02
8.375491849353569607e-02
8.375491849353569607e-02
8.431703204047218125e-02
8.431703204047218125e-02
8.487914558740865256e-02
8.487914558740865256e-02
8.544125913434513775e-02
8.544125913434513775e-02
8.712759977515457943e-02
8.712759977515457943e-02
8.768971332209106462e-02
8.768971332209106462e-02
8.825182686902754980e-02
8.825182686902754980e-02
8.881394041596402111e-02
8.881394041596402111e-02
8.937605396290050630e-02
8.937605396290050630e-02
8.993816750983699149e-02
8.993816750983699149e-02
9.050028105677346280e-02
9.050028105677346280e-02
9.162450815064643317e-02
9.162450815064643317e-02
9.218662169758291836e-02
9.218662169758291836e-02
9.274873524451938966e-02
9.274873524451938966e-02
9.499718943226531653e-02
9.499718943226531653e-02
9.555930297920180172e-02
9.555930297920180172e-02
9.612141652613827303e-02
9.612141652613827303e-02
9.668353007307475822e-02
9.668353007307475822e-02
9.724564362001124340e-02
9.780775716694772859e-02
9.780775716694772859e-02
9.836987071388419990e-02
9.836987071388419990e-02
9.949409780775717027e-02
9.949409780775717027e-02
1.000562113546936416e-01
1.000562113546936416e-01
1.006183249016301268e-01
1.006183249016301268e-01
1.011804384485666120e-01
1.011804384485666120e-01
1.017425519955030971e-01
1.017425519955030971e-01
1.023046655424395684e-01
1.023046655424395684e-01
1.028667790893760536e-01
1.028667790893760536e-01
1.051152332771219805e-01
1.051152332771219805e-01
1.056773468240584657e-01
1.056773468240584657e-01
1.062394603709949370e-01
1.062394603709949370e-01
1.079258010118043787e-01
1.079258010118043787e-01
1.096121416526138342e-01
1.096121416526138342e-01
1.101742551995503056e-01
1.101742551995503056e-01
1.118605958403597472e-01
1.118605958403597472e-01
1.124227093872962324e-01
1.124227093872962324e-01
1.129848229342327176e-01
1.129848229342327176e-01
1.135469364811692028e-01
1.135469364811692028e-01
1.157953906689151158e-01
1.157953906689151158e-01
1.163575042158516010e-01
1.163575042158516010e-01
1.174817313097245575e-01
1.174817313097245575e-01
1.186059584035975278e-01
1.186059584035975278e-01
1.191680719505340130e-01
1.191680719505340130e-01
1.197301854974704843e-01
1.197301854974704843e-01
1.202922990444069695e-01
1.202922990444069695e-01
1.214165261382799260e-01
1.214165261382799260e-01
1.231028667790893816e-01
1.231028667790893816e-01
1.247892074198988233e-01
1.247892074198988233e-01
1.259134345137717936e-01
1.259134345137717936e-01
1.264755480607082649e-01
1.264755480607082649e-01
1.275997751545812353e-01
1.275997751545812353e-01
1.281618887015177066e-01
1.281618887015177066e-01
1.287240022484541779e-01
1.287240022484541779e-01
1.292861157953906770e-01
1.292861157953906770e-01
1.298482293423271483e-01
1.298482293423271483e-01
1.304103428892636196e-01
1.304103428892636196e-01
1.320966835300730613e-01
1.320966835300730613e-01
1.326587970770095604e-01
1.326587970770095604e-01
1.332209106239460317e-01
1.332209106239460317e-01
1.337830241708825307e-01
1.337830241708825307e-01
1.360314783586284437e-01
1.360314783586284437e-01
1.365935919055649150e-01
1.365935919055649150e-01
1.371557054525014141e-01
1.371557054525014141e-01
1.377178189994378854e-01
1.377178189994378854e-01
1.382799325463743567e-01
1.382799325463743567e-01
1.394041596402473271e-01
1.394041596402473271e-01
1.405283867341202975e-01
1.405283867341202975e-01
1.410905002810567688e-01
1.410905002810567688e-01
1.422147273749297391e-01
1.422147273749297391e-01
1.427768409218662105e-01
1.427768409218662105e-01
1.439010680157391808e-01
1.439010680157391808e-01
1.444631815626756521e-01
1.444631815626756521e-01
1.450252951096121512e-01
1.450252951096121512e-01
1.455874086565486225e-01
1.455874086565486225e-01
1.467116357504215929e-01
1.467116357504215929e-01
1.478358628442945355e-01
1.478358628442945355e-01
1.483979763912310346e-01
1.483979763912310346e-01
1.489600899381675059e-01
1.489600899381675059e-01
1.500843170320404762e-01
1.500843170320404762e-01
1.506464305789769476e-01
1.506464305789769476e-01
1.517706576728499179e-01
1.517706576728499179e-01
1.534569983136593596e-01
1.534569983136593596e-01
1.557054525014052726e-01
1.557054525014052726e-01
1.568296795952782430e-01
1.568296795952782430e-01
1.573917931422147143e-01
1.573917931422147143e-01
1.579539066891512133e-01
1.579539066891512133e-01
1.585160202360876847e-01
1.585160202360876847e-01
1.590781337830241837e-01
1.590781337830241837e-01
1.596402473299606550e-01
1.596402473299606550e-01
1.607644744238336254e-01
1.607644744238336254e-01
1.613265879707700967e-01
1.613265879707700967e-01
1.618887015177065680e-01
1.618887015177065680e-01
1.630129286115795384e-01
1.630129286115795384e-01
1.641371557054525088e-01
1.641371557054525088e-01
1.658234963462619505e-01
1.658234963462619505e-01
1.691961776278808338e-01
1.691961776278808338e-01
1.697582911748173051e-01
1.697582911748173051e-01
1.708825182686902755e-01
1.708825182686902755e-01
1.714446318156267468e-01
1.714446318156267468e-01
1.720067453625632459e-01
1.720067453625632459e-01
1.725688589094997172e-01
1.725688589094997172e-01
1.731309724564361885e-01
1.731309724564361885e-01
1.742551995503091589e-01
1.742551995503091589e-01
1.748173130972456302e-01
1.748173130972456302e-01
1.753794266441821292e-01
1.753794266441821292e-01
1.759415401911186005e-01
1.759415401911186005e-01
1.765036537380550996e-01
1.765036537380550996e-01
1.770657672849915709e-01
1.770657672849915709e-01
1.781899943788645413e-01
1.781899943788645413e-01
1.798763350196739830e-01
1.798763350196739830e-01
1.804384485666104543e-01
1.804384485666104543e-01
1.826869027543563673e-01
1.826869027543563673e-01
1.838111298482293376e-01
1.838111298482293376e-01
1.843732433951658367e-01
1.843732433951658367e-01
1.877459246767847201e-01
1.877459246767847201e-01
1.905564924114671044e-01
1.905564924114671044e-01
1.916807195053400747e-01
1.916807195053400747e-01
1.922428330522765461e-01
1.922428330522765461e-01
1.928049465992130451e-01
1.928049465992130451e-01
1.933670601461495164e-01
1.933670601461495164e-01
1.944912872400224868e-01
1.944912872400224868e-01
1.950534007869589581e-01
1.950534007869589581e-01
1.961776278808319285e-01
1.961776278808319285e-01
1.967397414277683998e-01
1.967397414277683998e-01
1.973018549747048989e-01
1.973018549747048989e-01
1.978639685216413702e-01
1.978639685216413702e-01
1.995503091624508119e-01
1.995503091624508119e-01
2.017987633501967526e-01
2.017987633501967526e-01
2.029229904440696952e-01
2.029229904440696952e-01
2.034851039910061943e-01
2.034851039910061943e-01
2.040472175379426656e-01
2.040472175379426656e-01
2.051714446318156360e-01
2.051714446318156360e-01
2.062956717256885786e-01
2.062956717256885786e-01
2.068577852726250776e-01
2.068577852726250776e-01
2.102304665542439610e-01
2.102304665542439610e-01
2.113546936481169314e-01
2.113546936481169314e-01
2.130410342889263731e-01
2.130410342889263731e-01
2.141652613827993157e-01
2.141652613827993157e-01
2.147273749297358147e-01
2.147273749297358147e-01
2.158516020236087574e-01
2.158516020236087574e-01
2.164137155705452564e-01
2.164137155705452564e-01
2.169758291174817277e-01
2.169758291174817277e-01
2.175379426644181990e-01
2.175379426644181990e-01
2.181000562113546981e-01
2.181000562113546981e-01
2.186621697582911694e-01
2.186621697582911694e-01
2.197863968521641398e-01
2.197863968521641398e-01
2.214727374929735815e-01
2.214727374929735815e-01
2.225969645868465518e-01
2.225969645868465518e-01
2.242833052276559935e-01
2.242833052276559935e-01
2.248454187745924648e-01
2.248454187745924648e-01
2.265317594154019065e-01
2.265317594154019065e-01
2.265317594154019065e-01
2.270938729623384056e-01
2.270938729623384056e-01
2.287802136031478473e-01
2.287802136031478473e-01
2.293423271500843186e-01
2.293423271500843186e-01
2.299044406970207899e-01
2.299044406970207899e-01
2.304665542439572889e-01
2.304665542439572889e-01
2.321528948847667306e-01
2.332771219786396732e-01
2.332771219786396732e-01
2.355255761663856140e-01
2.355255761663856140e-01
2.372119168071950557e-01
2.372119168071950557e-01
2.377740303541315270e-01
2.377740303541315270e-01
2.383361439010680261e-01
2.383361439010680261e-01
2.394603709949409687e-01
2.394603709949409687e-01
2.405845980888139390e-01
2.405845980888139390e-01
2.411467116357504104e-01
2.411467116357504104e-01
2.445193929173693215e-01
2.445193929173693215e-01
2.462057335581787632e-01
2.462057335581787632e-01
2.473299606520517058e-01
2.473299606520517058e-01
2.490163012928611475e-01
2.490163012928611475e-01
2.495784148397976465e-01
2.495784148397976465e-01
2.501405283867341178e-01
2.501405283867341178e-01
2.512647554806070604e-01
2.512647554806070604e-01
2.518268690275435873e-01
2.518268690275435873e-01
2.535132096683530012e-01
2.535132096683530012e-01
2.546374367622259438e-01
2.546374367622259438e-01
2.563237774030354132e-01
2.563237774030354132e-01
2.574480044969083559e-01
2.574480044969083559e-01
2.591343451377178253e-01
2.591343451377178253e-01
2.596964586846542966e-01
2.596964586846542966e-01
2.625070264193367087e-01
2.625070264193367087e-01
2.641933670601461226e-01
2.641933670601461226e-01
2.675660483417650615e-01
2.675660483417650615e-01
2.681281618887015328e-01
2.681281618887015328e-01
2.686902754356380041e-01
2.686902754356380041e-01
2.692523889825744754e-01
2.692523889825744754e-01
2.698145025295109467e-01
2.698145025295109467e-01
2.709387296233839448e-01
2.709387296233839448e-01
2.715008431703204161e-01
2.715008431703204161e-01
2.720629567172568875e-01
2.720629567172568875e-01
2.731871838111298301e-01
2.731871838111298301e-01
2.743114109050028282e-01
2.743114109050028282e-01
2.776840921866217116e-01
2.776840921866217116e-01
2.799325463743675968e-01
2.799325463743675968e-01
2.810567734682405949e-01
2.810567734682405949e-01
2.827431141090500089e-01
2.827431141090500089e-01
2.844294547498594783e-01
2.844294547498594783e-01
2.861157953906688922e-01
2.861157953906688922e-01
2.878021360314783617e-01
2.878021360314783617e-01
2.883642495784148330e-01
2.883642495784148330e-01
2.889263631253513043e-01
2.889263631253513043e-01
2.900505902192243024e-01
2.900505902192243024e-01
2.906127037661607737e-01
2.906127037661607737e-01
2.911748173130972450e-01
2.917369308600337163e-01
2.945474985947161284e-01
2.945474985947161284e-01
2.951096121416525997e-01
2.951096121416525997e-01
2.956717256885890710e-01
2.956717256885890710e-01
2.979201798763350117e-01
2.979201798763350117e-01
2.984822934232714831e-01
2.984822934232714831e-01
2.996065205171444812e-01
2.996065205171444812e-01
3.012928611579538951e-01
3.012928611579538951e-01
3.041034288926363072e-01
3.041034288926363072e-01
3.063518830803822479e-01
3.063518830803822479e-01
3.086003372681281887e-01
3.086003372681281887e-01
3.091624508150646600e-01
3.091624508150646600e-01
3.114109050028105452e-01
3.114109050028105452e-01
3.142214727374929573e-01
3.142214727374929573e-01
3.147835862844294286e-01
3.147835862844294286e-01
3.153456998313659554e-01
3.153456998313659554e-01
3.192804946599213101e-01
3.192804946599213101e-01
3.271500843170320194e-01
3.271500843170320194e-01
3.277121978639685462e-01
3.277121978639685462e-01
3.282743114109050175e-01
3.282743114109050175e-01
3.305227655986509028e-01
3.305227655986509028e-01
3.322091062394603722e-01
3.322091062394603722e-01
3.333333333333333148e-01
3.333333333333333148e-01
3.338954468802698416e-01
3.338954468802698416e-01
3.361439010680157269e-01
3.361439010680157269e-01
3.378302417088251963e-01
3.378302417088251963e-01
3.406408094435076084e-01
3.406408094435076084e-01
3.417650365373805510e-01
3.417650365373805510e-01
3.468240584598089038e-01
3.468240584598089038e-01
3.479482855536818464e-01
3.479482855536818464e-01
3.507588532883642585e-01
3.507588532883642585e-01
3.513209668353007298e-01
3.513209668353007298e-01
3.518830803822372011e-01
3.518830803822372011e-01
3.530073074761101992e-01
3.530073074761101992e-01
3.552557616638560845e-01
3.552557616638560845e-01
3.586284429454749678e-01
3.586284429454749678e-01
3.591905564924114946e-01
3.591905564924114946e-01
3.597526700393479659e-01
3.597526700393479659e-01
3.608768971332209086e-01
3.608768971332209086e-01
3.620011242270938512e-01
3.620011242270938512e-01
3.625632377740303780e-01
3.625632377740303780e-01
3.636874648679033206e-01
3.636874648679033206e-01
3.659359190556492614e-01
3.659359190556492614e-01
3.754918493535694402e-01
3.754918493535694402e-01
3.760539629005059115e-01
3.760539629005059115e-01
3.771781899943788541e-01
3.771781899943788541e-01
3.794266441821247948e-01
3.794266441821247948e-01
3.856098931984260902e-01
3.856098931984260902e-01
3.867341202922990329e-01
3.867341202922990329e-01
3.895446880269814449e-01
3.895446880269814449e-01
3.906689151208543875e-01
3.906689151208543875e-01
3.934794828555367996e-01
3.934794828555367996e-01
3.962900505902192116e-01
3.962900505902192116e-01
3.968521641371556830e-01
3.968521641371556830e-01
4.024732996065205071e-01
4.024732996065205071e-01
4.058459808881393904e-01
4.058459808881393904e-01
4.097807757166947451e-01
4.097807757166947451e-01
4.125913434513771572e-01
4.125913434513771572e-01
4.142776840921866266e-01
4.142776840921866266e-01
4.154019111860595692e-01
4.154019111860595692e-01
4.193367060146149794e-01
4.193367060146149794e-01
4.198988195615514507e-01
4.198988195615514507e-01
4.204609331084879220e-01
4.204609331084879220e-01
4.260820685778527461e-01
4.260820685778527461e-01
4.266441821247892174e-01
4.266441821247892174e-01
4.339516582349634555e-01
4.339516582349634555e-01
4.384485666104553370e-01
4.384485666104553370e-01
4.395727937043282796e-01
4.395727937043282796e-01
4.406970207982012222e-01
4.406970207982012222e-01
4.435075885328836343e-01
4.435075885328836343e-01
4.474423833614389889e-01
4.474423833614389889e-01
4.508150646430578723e-01
4.508150646430578723e-01
4.564362001124226964e-01
4.564362001124226964e-01
4.598088813940415798e-01
4.598088813940415798e-01
4.609331084879145779e-01
4.609331084879145779e-01
4.620573355817875205e-01
4.620573355817875205e-01
4.626194491287239918e-01
4.626194491287239918e-01
4.648679033164699326e-01
4.648679033164699326e-01
4.665542439572793465e-01
4.665542439572793465e-01
4.699269252388982299e-01
4.699269252388982299e-01
4.727374929735806419e-01
4.727374929735806419e-01
4.755480607082630540e-01
4.755480607082630540e-01
4.766722878021360521e-01
4.766722878021360521e-01
4.800449690837549355e-01
4.800449690837549355e-01
4.879145587408656448e-01
4.879145587408656448e-01
4.907251264755480569e-01
4.907251264755480569e-01
4.952220348510398829e-01
4.952220348510398829e-01
4.980326025857222949e-01
4.980326025857222949e-01
4.997189432265317643e-01
4.997189432265317643e-01
5.014052838673411783e-01
5.014052838673411783e-01
5.081506464305789450e-01
5.081506464305789450e-01
5.137717818999437691e-01
5.137717818999437691e-01
5.165823496346262367e-01
5.165823496346262367e-01
5.182686902754356506e-01
5.182686902754356506e-01
5.222034851039910608e-01
5.222034851039910608e-01
5.238898257448004747e-01
5.238898257448004747e-01
5.255761663856098886e-01
5.255761663856098886e-01
5.289488476672288275e-01
5.289488476672288275e-01
5.306351883080382414e-01
5.306351883080382414e-01
5.317594154019111841e-01
5.317594154019111841e-01
5.379426644182124795e-01
5.379426644182124795e-01
5.396290050590218934e-01
5.396290050590218934e-01
5.435637998875773036e-01
5.435637998875773036e-01
5.452501405283867175e-01
5.452501405283867175e-01
5.564924114671163657e-01
5.564924114671163657e-01
5.609893198426082472e-01
5.609893198426082472e-01
5.660483417650364890e-01
5.660483417650364890e-01
5.688589094997189566e-01
5.688589094997189566e-01
5.716694772344013131e-01
5.716694772344013131e-01
5.722315907813377844e-01
5.722315907813377844e-01
5.733558178752108381e-01
5.733558178752108381e-01
5.739179314221473094e-01
5.739179314221473094e-01
5.761663856098931946e-01
5.761663856098931946e-01
5.795390668915121335e-01
5.795390668915121335e-01
5.812254075323215474e-01
5.812254075323215474e-01
5.913434513771781420e-01
5.913434513771781420e-01
5.958403597526700235e-01
5.958403597526700235e-01
6.003372681281619050e-01
6.003372681281619050e-01
6.048341765036537865e-01
6.048341765036537865e-01
6.087689713322090856e-01
6.087689713322090856e-01
6.216975829117481478e-01
6.216975829117481478e-01
6.245081506464306154e-01
6.245081506464306154e-01
6.363125351320967349e-01
6.363125351320967349e-01
6.408094435075885054e-01
6.408094435075885054e-01
6.424957841483980303e-01
6.424957841483980303e-01
6.520517144463181536e-01
6.520517144463181536e-01
6.593591905564923916e-01
6.593591905564923916e-01
6.750983698707139213e-01
6.750983698707139213e-01
6.947723440134907502e-01
6.947723440134907502e-01
6.998313659359191030e-01
6.998313659359191030e-01
7.116357504215851115e-01
7.116357504215851115e-01
7.127599775154581652e-01
7.138842046093311078e-01
7.172568858909499356e-01
7.172568858909499356e-01
7.189432265317594606e-01
7.189432265317594606e-01
7.211916807195053458e-01
7.211916807195053458e-01
7.217537942664418171e-01
7.217537942664418171e-01
7.346824058459808793e-01
7.346824058459808793e-01
7.391793142214727608e-01
7.391793142214727608e-01
7.442383361439011136e-01
7.442383361439011136e-01
7.684092186621697129e-01
7.684092186621697129e-01
7.700955593029792379e-01
7.700955593029792379e-01
7.706576728499157092e-01
7.706576728499157092e-01
7.813378302417087751e-01
7.813378302417087751e-01
7.914558740865654807e-01
7.914558740865654807e-01
7.976391231028667761e-01
7.976391231028667761e-01
8.133783024170883058e-01
8.133783024170883058e-01
8.662169758291174970e-01
8.662169758291174970e-01
8.757729061270376203e-01
8.757729061270376203e-01
9.033164699269252695e-01
9.033164699269252695e-01
9.117481731309724502e-01
9.117481731309724502e-01
9.387296233839235171e-01
9.387296233839235171e-01
1.000000000000000000e+00
