2.000000000000000000e+00
1.000000000000000000e+00
9.998517914705992160e-01
9.992396593673965599e-01
9.975669099756691027e-01
9.961033678572124295e-01
9.951338199513382055e-01
9.928199730207665219e-01
9.927007299270073082e-01
9.926066974622987926e-01
9.907634326430583283e-01
9.902676399026764109e-01
9.901444454710646159e-01
9.901194313732755159e-01
9.887466146202791295e-01
9.878345498783455136e-01
9.862517106621935259e-01
9.854014598540146164e-01
9.839063846533554480e-01
9.829683698296837191e-01
9.812285693483424609e-01
9.805352798053528218e-01
9.785719968802452096e-01
9.781021897810219246e-01
9.755572459778872885e-01
9.754345850555506958e-01
9.739575247002512093e-01
9.732360097323601300e-01
9.711586782753698355e-01
9.708029197080292327e-01
9.666142968384752177e-01
9.659367396593674382e-01
9.616797300518034053e-01
9.610705596107056436e-01
9.609765271459970171e-01
9.607013488464972717e-01
9.606500077961552808e-01
9.605234787852701128e-01
9.588995048581747671e-01
9.586374695863747464e-01
9.499890817630061157e-01
9.498808781734539020e-01
9.481701910208920614e-01
9.481457769874156449e-01
9.443509475299355360e-01
9.440389294403892517e-01
9.428448789084732384e-01
9.427419728612168592e-01
9.411129212656154097e-01
9.410286809541252850e-01
9.369121525537139616e-01
9.367396593673965599e-01
9.363352636777063642e-01
9.362403637936563827e-01
9.347788967663237525e-01
9.343065693430656626e-01
9.321282616487908124e-01
9.313903533215102115e-01
9.296125594608181109e-01
9.294403892944038681e-01
9.247585399562130437e-01
9.245406493833375761e-01
9.228501691875938828e-01
9.221411192214111763e-01
9.130825021255304375e-01
9.126117229488271976e-01
9.101962222061223962e-01
9.099388040993880988e-01
9.051765874132974288e-01
9.051094890510948954e-01
9.032757882745687805e-01
9.026763990267639981e-01
9.025383513658090662e-01
9.004086213218867041e-01
9.003478015477828222e-01
9.002812111921922877e-01
9.002433090024331008e-01
8.904817505060493854e-01
8.902687079110001012e-01
8.883108215432453658e-01
8.880778588807786145e-01
8.866278937061649046e-01
8.865739824148387571e-01
8.824268110823326738e-01
8.819057290755232259e-01
8.739102532089499942e-01
8.735658037917127805e-01
8.734391016850299172e-01
8.730213229635432892e-01
8.702229854738835479e-01
8.701933152908768454e-01
8.560748105235868044e-01
8.557548238226634352e-01
8.418751659740613125e-01
8.417441598416980364e-01
8.277688026155319845e-01
8.272506082725060716e-01
8.255784246286007599e-01
8.253351352508035976e-01
8.224090048907567452e-01
8.222106360792492685e-01
8.218770616831276854e-01
8.194262581838857029e-01
8.193662982982041765e-01
8.171501639156167895e-01
8.158375444134593479e-01
8.141876078255568805e-01
8.139929240921903730e-01
8.109463395069276270e-01
8.108296147380946728e-01
8.097926940132303963e-01
8.096439514266990933e-01
8.074940042888383296e-01
8.071299721352911405e-01
7.990216304423010119e-01
7.983221839940516373e-01
7.980535279805353044e-01
7.960258057693433420e-01
7.956204379562044071e-01
7.938865611142336132e-01
7.932534218890150424e-01
7.860796229644828603e-01
7.858880778588808180e-01
7.845181868367784306e-01
7.844209396079641072e-01
7.810240052934397381e-01
7.810218978102190235e-01
7.808987033786072285e-01
7.801821160921558196e-01
7.797011428466892324e-01
7.786770841628212203e-01
7.762577332662508045e-01
7.761773988826716764e-01
7.724817960698131536e-01
7.724047039740470355e-01
7.715287611708747662e-01
7.712616712028953492e-01
7.648216896703374790e-01
7.642908757112780727e-01
7.623028890980230177e-01
7.622986356672303287e-01
7.616857415185206426e-01
7.615571776155717343e-01
7.613020308969580263e-01
7.610397405670693560e-01
7.573542309055117938e-01
7.567171231834176615e-01
7.540313839847626598e-01
7.531410525743083006e-01
7.531093259389144423e-01
7.529350689116690587e-01
7.445977236091148033e-01
7.445255474452554534e-01
7.420015890947410098e-01
7.416611250076888817e-01
7.398141358865134576e-01
7.397010028014950889e-01
7.392828690290350613e-01
7.386195547841288844e-01
7.364776342878532889e-01
7.361689895849846677e-01
7.332476613648956087e-01
7.322640495746777223e-01
7.311596177965689058e-01
7.310756860873849350e-01
7.257545157196158003e-01
7.255032072550320343e-01
7.245738361678192296e-01
7.244448570236828866e-01
7.239337931161851092e-01
7.239223953815523416e-01
7.213504704828644920e-01
7.201946472019464807e-01
7.201367164870814408e-01
7.201142193706371319e-01
7.200231974469625262e-01
7.199851793359071106e-01
7.191556223388437807e-01
7.190222461539198529e-01
7.167493373498915465e-01
7.164789690678887712e-01
7.162689669109914004e-01
7.159354059330513831e-01
7.120019977541242051e-01
7.119993175986267797e-01
7.114395923997527404e-01
7.112939767950835490e-01
7.112904804362835121e-01
7.112758186663296067e-01
7.111424693850492140e-01
7.108687797296668887e-01
7.083739027779963893e-01
7.081667800775585109e-01
7.079923320799234032e-01
7.079162330890302890e-01
7.060827250608272543e-01
7.060184086236678258e-01
7.024463653118262485e-01
7.020319127937141301e-01
7.017381019406077058e-01
7.012243514213261086e-01
6.999287376337953726e-01
6.991815969918160345e-01
6.988375151234706983e-01
6.982890762118888484e-01
6.982518384741149831e-01
6.981540476988565835e-01
6.972425435661411264e-01
6.971014347312302073e-01
6.959450635060323576e-01
6.958330777566500425e-01
6.948771656882939407e-01
6.937053005774573844e-01
6.936946418121533453e-01
6.935972077395435864e-01
6.889120611748348333e-01
6.884736022634977415e-01
6.875378098532942683e-01
6.875184450541211856e-01
6.846738351375896148e-01
6.846576360176227505e-01
6.843618668436186603e-01
6.843603494382058949e-01
6.835818332682074283e-01
6.833815677858691151e-01
6.825480329129963719e-01
6.823607458472681353e-01
6.770318710029067377e-01
6.763115428030072040e-01
6.760830889520519360e-01
6.760378962440796169e-01
6.759873038792102440e-01
6.755875849129624466e-01
6.715328467153284242e-01
6.714255762527525651e-01
6.685486982277198953e-01
6.677422575872959953e-01
6.673489809159869335e-01
6.662179061799317070e-01
6.661800486618004724e-01
6.656224241834448607e-01
6.651180726333200122e-01
6.643784034294983876e-01
6.642453554714458086e-01
6.639377903905901990e-01
6.620096723480222156e-01
6.618004866180048351e-01
6.599373603104975450e-01
6.593673965936739378e-01
6.592173245383797786e-01
6.590302084081341993e-01
6.589151897010331327e-01
6.587923633806428425e-01
6.577797224655813624e-01
6.562350092706085158e-01
6.559513165029245974e-01
6.554961741327426372e-01
6.548488008342023825e-01
6.546623250256381477e-01
6.544444600528013245e-01
6.540573266830094212e-01
6.529510421475432924e-01
6.527452873395643840e-01
6.487389105321594851e-01
6.483404369353273911e-01
6.480852639373743118e-01
6.471406386709560588e-01
6.470595028503803858e-01
6.467687528532795049e-01
6.461440016922955776e-01
6.437715541332800218e-01
6.424545720147207817e-01
6.418348361242307565e-01
6.402294861739324938e-01
6.396369654159986817e-01
6.377611869129050648e-01
6.376143009862713651e-01
6.375802242665162822e-01
6.374246470170277235e-01
6.373416322685898638e-01
6.372577652512561031e-01
6.368930477121865774e-01
6.361326156946595090e-01
6.352575830331943507e-01
6.351186835052627933e-01
6.350364963503649651e-01
6.341493209118347352e-01
6.339608207273410567e-01
6.338682370764862073e-01
6.336754553018890679e-01
6.327502580314059433e-01
6.321991548684585682e-01
6.302168903021689861e-01
6.301703163017031706e-01
6.301409939402116134e-01
6.301385112033458524e-01
6.293250815495499140e-01
6.285469140287353040e-01
6.276278667507444453e-01
6.271392251305794030e-01
6.271099532748237726e-01
6.270994346643766759e-01
6.269626955471574448e-01
6.269444742427633388e-01
6.239816514069943532e-01
6.238760679293564593e-01
6.237819139948390657e-01
6.232739203224673119e-01
6.230920093428098383e-01
6.229683698296836214e-01
6.211152944588559377e-01
6.209578967333027055e-01
6.208443736453198580e-01
6.206428889704040941e-01
6.201672128492532465e-01
6.200435985396262062e-01
6.186724523208070314e-01
6.183850398352311872e-01
6.178981053623402442e-01
6.178503379453038624e-01
6.168394908173784330e-01
6.150306519788394377e-01
6.146168003242361566e-01
6.144978776089323746e-01
6.123338474247148611e-01
6.122498307037312903e-01
6.121793961016783747e-01
6.120970459675766362e-01
6.087655387406627483e-01
6.081657937068727371e-01
6.077306645237607885e-01
6.075866877249896936e-01
6.075032863094887992e-01
6.074888726919257520e-01
6.071197521196254332e-01
6.068442823522138818e-01
6.054012643123390935e-01
6.050871834599469423e-01
6.046384371028751259e-01
6.044085351459761446e-01
6.041052133546457314e-01
6.026196014642113408e-01
6.009439672405708643e-01
6.008542696336898192e-01
5.985948550053034056e-01
5.980208662294239641e-01
5.969992914717187071e-01
5.969896902357212376e-01
5.965251471462312827e-01
5.961070559610706088e-01
5.960269282889959497e-01
5.959608077320304176e-01
5.958282455607983863e-01
5.941646731685374938e-01
5.938332754026185434e-01
5.938110933616651543e-01
5.936715224014067482e-01
5.923983669600987323e-01
5.915549438222540424e-01
5.907802318123800411e-01
5.904135609179028688e-01
5.898983169874377763e-01
5.898472723539404106e-01
5.891093077459375049e-01
5.890942163725468861e-01
5.890069871210720232e-01
5.887556812671921325e-01
5.883783460627388662e-01
5.874307245201406680e-01
5.870507216232893066e-01
5.868014989012914073e-01
5.866224859220892096e-01
5.862732297660786518e-01
5.837733616030049699e-01
5.832399816388514902e-01
5.824837777103510916e-01
5.809168058629515796e-01
5.796836982968369689e-01
5.793877347504864384e-01
5.787624677023921471e-01
5.780505799134951772e-01
5.778944501524113653e-01
5.778002426857731244e-01
5.772693696010346986e-01
5.772657515497559011e-01
5.754485946739729130e-01
5.751602930185485407e-01
5.751462120868658934e-01
5.730460321108851174e-01
5.725937673312562204e-01
5.721755149553776620e-01
5.719996290822098040e-01
5.717761557177615250e-01
5.698066793173748312e-01
5.696088903559924921e-01
5.693866498273523202e-01
5.693821059577962584e-01
5.672604101616972594e-01
5.669099756690997305e-01
5.668784519778730102e-01
5.668764158066952330e-01
5.664370597884276215e-01
5.663169297013792569e-01
5.659998230936171826e-01
5.654566795561215553e-01
5.649792386231646812e-01
5.644813418536046568e-01
5.644585262206325282e-01
5.640576052262161744e-01
5.639225107025163108e-01
5.638983877604124562e-01
5.627325640181295441e-01
5.619086239524195836e-01
5.617955971547980987e-01
5.617861743237440031e-01
5.599753784526395606e-01
5.597124854059160048e-01
5.589445650317345082e-01
5.588766204140935834e-01
5.570413517539622994e-01
5.570127391528620908e-01
5.567101465224699730e-01
5.566626748306430228e-01
5.561988220613413025e-01
5.550152230929382702e-01
5.550131785593170886e-01
5.547331980812265639e-01
5.540706998640152481e-01
5.539984190125601948e-01
5.539366534970744382e-01
5.535617229977553011e-01
5.534791105494749619e-01
5.514275801712413827e-01
5.510442896440308491e-01
5.506776779586998183e-01
5.505048153769708241e-01
5.503297795711994400e-01
5.502993930090699370e-01
5.502616773821681351e-01
5.500119578718647428e-01
5.497995299112529155e-01
5.486018493637838667e-01
5.483710731213352618e-01
5.479861835245046775e-01
5.478337229951203424e-01
5.477873264629232741e-01
5.474807025402259608e-01
5.474452554744525523e-01
5.469435359384907658e-01
5.467897909767840403e-01
5.462143579953263606e-01
5.461818417136917736e-01
5.457093778515720306e-01
5.450445240158371396e-01
5.449803603517643369e-01
5.447316761982479161e-01
5.446898667032963326e-01
5.444774578373413609e-01
5.436167990011320228e-01
5.425766711866362169e-01
5.415334192756566800e-01
5.407057632070605413e-01
5.405749719832155797e-01
5.396157400175146668e-01
5.393412812990622252e-01
5.378458714382833294e-01
5.376699649924684410e-01
5.366052601089097429e-01
5.360774138923106724e-01
5.359037461919937684e-01
5.356273896419881941e-01
5.346550944254487847e-01
5.344299374747178977e-01
5.341713842496601528e-01
5.332750216218898887e-01
5.332152607364997188e-01
5.317977140539960068e-01
5.309564496855506688e-01
5.302659977810705305e-01
5.300739673828884779e-01
5.299895617169556594e-01
5.287431271772422559e-01
5.281181863935908716e-01
5.280168999234018390e-01
5.279805352798053741e-01
5.270165776969787386e-01
5.269938147724758659e-01
5.262516516833268820e-01
5.259192630716217343e-01
5.257991888082264031e-01
5.256835952094982556e-01
5.253793613795317841e-01
5.253155525112200852e-01
5.252988109006906381e-01
5.247418763652142992e-01
5.242692557068917569e-01
5.241809547621857357e-01
5.221680045273288107e-01
5.219864434417715859e-01
5.219715136165180569e-01
5.206616886835285785e-01
5.205488127019682887e-01
5.184880364930498642e-01
5.180104070778207559e-01
5.178826470266147952e-01
5.175730316351765392e-01
5.173396365616501624e-01
5.169981566480246205e-01
5.168313635466920131e-01
5.159275388890371961e-01
5.157215047725995927e-01
5.151769212957878485e-01
5.145039686693743120e-01
5.142542020343351394e-01
5.141005395161837299e-01
5.135424233165126751e-01
5.133819951338199905e-01
5.121555730923142979e-01
5.120889682470879389e-01
5.102666174011981637e-01
5.100799046525893443e-01
5.100143118619426819e-01
5.098812962674303950e-01
5.096548555969253602e-01
5.095374300161352732e-01
5.093929019987257778e-01
5.091898076258141170e-01
5.088783281994554430e-01
5.086257180017964563e-01
5.085380624240862790e-01
5.080246291894434663e-01
5.079687564486211615e-01
5.075504518291921174e-01
5.073755432572213397e-01
5.066282589745375597e-01
5.054856047016882403e-01
5.047468130402429365e-01
5.044602026050581944e-01
5.039387730389954800e-01
5.034023395513483878e-01
5.023888524899564612e-01
5.022903660535550374e-01
5.012165450121655041e-01
4.998905334937319145e-01
4.993318507662398709e-01
4.988825620189846211e-01
4.986538145263932353e-01
4.972207151612877407e-01
4.967788873696537544e-01
4.958134886263398378e-01
4.957802756323115845e-01
4.956188664663311871e-01
4.949303032485925513e-01
4.949056699037663876e-01
4.947544602496090071e-01
4.947393706095653543e-01
4.946140458885205926e-01
4.943722897186682563e-01
4.943456901505027812e-01
4.940717441047219882e-01
4.939218975068622175e-01
4.938893691042716694e-01
4.937016409745345058e-01
4.931093506979657426e-01
4.919454416414595910e-01
4.908098338592996046e-01
4.904063252768784409e-01
4.899777966704836341e-01
4.898219304981635824e-01
4.889453083677139378e-01
4.889023496980518524e-01
4.887439057773332873e-01
4.886554118771187505e-01
4.878452216174586353e-01
4.875785271799482623e-01
4.868760598687606467e-01
4.862833215108325891e-01
4.862117391965419810e-01
4.847026156736881086e-01
4.846663450292643671e-01
4.820043969444577914e-01
4.817490985638295253e-01
4.810334267522035634e-01
4.806396721294764474e-01
4.802683985979991910e-01
4.801273770177065248e-01
4.796606344101966291e-01
4.791738316699990508e-01
4.790147632409159639e-01
4.790146129581837608e-01
4.787078684372739756e-01
4.786074814028294377e-01
4.784127575473153260e-01
4.775092564667025030e-01
4.771746581235846163e-01
4.768856447688564204e-01
4.766704259061987359e-01
4.764210441046576316e-01
4.763741126507936574e-01
4.760327399750982069e-01
4.758750991729764901e-01
4.755108869917838987e-01
4.752327447571004226e-01
4.751412055819446145e-01
4.739477636679090278e-01
4.735607289439405787e-01
4.731729186559093803e-01
4.730746979365478833e-01
4.724222450913524995e-01
4.721982684809222230e-01
4.719073607981832397e-01
4.717612519612674471e-01
4.705450900607264231e-01
4.699020081609975308e-01
4.695863746958637286e-01
4.695490382760530435e-01
4.690918973160405070e-01
4.684242764534735648e-01
4.676320903251812711e-01
4.676207375131763433e-01
4.672384869740950908e-01
4.670726932858114688e-01
4.665989097292802534e-01
4.659835298521429747e-01
4.659810327223889992e-01
4.649290909698835517e-01
4.647201946472019340e-01
4.629169342541560872e-01
4.615759821847723043e-01
4.603582162758230178e-01
4.598314000278106439e-01
4.597526358475264030e-01
4.597487086239039900e-01
4.597107737802947347e-01
4.595929674319678693e-01
4.594340329583954108e-01
4.584675926971150672e-01
4.577545328443558548e-01
4.577007369292465655e-01
4.573196535326028433e-01
4.572471324296141781e-01
4.571645823021434629e-01
4.565783562133927664e-01
4.557195025761341389e-01
4.549406881583299422e-01
4.544512594697268648e-01
4.538553585278657931e-01
4.538058940841534494e-01
4.536488813126857145e-01
4.534257070740111972e-01
4.533523802424694327e-01
4.525270584987812206e-01
4.522406904483193824e-01
4.522320070892732469e-01
4.514506528224627724e-01
4.509760457819009249e-01
4.504524164033731348e-01
4.499377358823526962e-01
4.485092963858309245e-01
4.483062550796190759e-01
4.481094984070123077e-01
4.478541165224758092e-01
4.474547652343682236e-01
4.466748677336332407e-01
4.463513236471856604e-01
4.449468581202375983e-01
4.443732801940526445e-01
4.441713882530154978e-01
4.430153274021134679e-01
4.425627119809709686e-01
4.413890447059436450e-01
4.413369177093312556e-01
4.398848269006751521e-01
4.389740723036424930e-01
4.363310092336668000e-01
4.355329745158679211e-01
4.354389652997383564e-01
4.352619780771043168e-01
4.348325457920018122e-01
4.343355789899536190e-01
4.341247452338804491e-01
4.339845641488825345e-01
4.337693211203815236e-01
4.336383757774605052e-01
4.328952452390874006e-01
4.328529404856672480e-01
4.320760832998851164e-01
4.320005705847292932e-01
4.314857820468951388e-01
4.311523606311719048e-01
4.306569343065693167e-01
4.297902179235341680e-01
4.292142310808749750e-01
4.287712096516198002e-01
4.271767587075136485e-01
4.271591714981826104e-01
4.259427458489815632e-01
4.240598154074394777e-01
4.237747749668891450e-01
4.235194452251693775e-01
4.231672537310545712e-01
4.230593070262682609e-01
4.219234866495001346e-01
4.218495509286181444e-01
4.213367990566161958e-01
4.209243594237562780e-01
4.200141823022992549e-01
4.197711668372473004e-01
4.193649812924031273e-01
4.189226090823710558e-01
4.186279998067028996e-01
4.179359118454673006e-01
4.170825680462217910e-01
4.168656130886675415e-01
4.167645487188715858e-01
4.165859697736123968e-01
4.161743247275012658e-01
4.160583941605839331e-01
4.149288142081247743e-01
4.138939374312486374e-01
4.136182922961579300e-01
4.128411804977764055e-01
4.123987276808978586e-01
4.122892643197680340e-01
4.111035067503875928e-01
4.105004109051806904e-01
4.102119132062347351e-01
4.100857862417316979e-01
4.088091978026668349e-01
4.087657298805992823e-01
4.079621943898882330e-01
4.078843491703444957e-01
4.060199846563353754e-01
4.050610398151489600e-01
4.042200854821701439e-01
4.039373458514380899e-01
4.036337088903056425e-01
4.035144694527916798e-01
4.033964527336547645e-01
4.025358408884730510e-01
4.012415622407556892e-01
4.012194990495554503e-01
3.998998538494055732e-01
3.997008648270853892e-01
3.996745089013289398e-01
3.996259549102273989e-01
3.991777569086217281e-01
3.984330037960208126e-01
3.969134400152298792e-01
3.962858502955947104e-01
3.919974330669704354e-01
3.917156954600490848e-01
3.916316386009964234e-01
3.910395920580739815e-01
3.909235524272302031e-01
3.909057498684589960e-01
3.893659653642478902e-01
3.893588672815668228e-01
3.891814814576273207e-01
3.889750404202845790e-01
3.878369854861307697e-01
3.876918085969181527e-01
3.874827762293548972e-01
3.874082810800698606e-01
3.868613138686131658e-01
3.866048606818091038e-01
3.863671166900474185e-01
3.862356010641976867e-01
3.842752355184711477e-01
3.836500938468538902e-01
3.828129821021892254e-01
3.819270923391532846e-01
3.788698819588036670e-01
3.788468780159982008e-01
3.783575582636459766e-01
3.782395103105792300e-01
3.771289537712895212e-01
3.770166882614646719e-01
3.766839319503580419e-01
3.765868379222247486e-01
3.762430539496773862e-01
3.761859348801774861e-01
3.759491854805848687e-01
3.758786942916484963e-01
3.749842399187817699e-01
3.748608598087421750e-01
3.733368069829963165e-01
3.731795349443926546e-01
3.731682319314073570e-01
3.730011254551892641e-01
3.726088536603804902e-01
3.720889815780327181e-01
3.719208673962769995e-01
3.716259646081077617e-01
3.711714512712615543e-01
3.711671661795733490e-01
3.710557423722150583e-01
3.707482395543280629e-01
3.702697369560798979e-01
3.698206608610020707e-01
3.691520481054460512e-01
3.691179872283678054e-01
3.661211759504718333e-01
3.658543486054893767e-01
3.657601220853748392e-01
3.654294040855643466e-01
3.650974593989811390e-01
3.645394508168230407e-01
3.639412393014792579e-01
3.635100312690090485e-01
3.615940366626503311e-01
3.612971905127406180e-01
3.609758671587783296e-01
3.602391586301541548e-01
3.598497154277275345e-01
3.591426998376553992e-01
3.589195718764863208e-01
3.586053236302300107e-01
3.570792251142823059e-01
3.566678035676079106e-01
3.557507619358366568e-01
3.553357218844703791e-01
3.549118262541315350e-01
3.548360301712926712e-01
3.514857008499029378e-01
3.508867575013462359e-01
3.503667823864603514e-01
3.492918330820894979e-01
3.474148475735273633e-01
3.473893794336695984e-01
3.464273006347291517e-01
3.462908262857766761e-01
3.450688950578552627e-01
3.448126997257494608e-01
3.446664807594918001e-01
3.443358914906797241e-01
3.423469044144478723e-01
3.416856094305213976e-01
3.413341640732431292e-01
3.413078332050815122e-01
3.412384338151715490e-01
3.412272772998832249e-01
3.392533700797035756e-01
3.390224929335745596e-01
3.389178871624374811e-01
3.387847467147837022e-01
3.360378090943604290e-01
3.360120791916460514e-01
3.340699901108831749e-01
3.336156059522075168e-01
3.331645558706790022e-01
3.325924600109481100e-01
3.321368076575995643e-01
3.319853303640404873e-01
3.314639945849908731e-01
3.312597092424942047e-01
3.305046197518239359e-01
3.300659149479429622e-01
3.287974477893222947e-01
3.285893727439331280e-01
3.255630503361476302e-01
3.253148770069559936e-01
3.241422037388726474e-01
3.240187205687314886e-01
3.235853776531403825e-01
3.232366778570084365e-01
3.230621160569550621e-01
3.230363457387748216e-01
3.230287108461002421e-01
3.228465683154698729e-01
3.220885482864561111e-01
3.219763012429099902e-01
3.217791878820711049e-01
3.212302701353796364e-01
3.195725739291933598e-01
3.191506194562898635e-01
3.177064596507949701e-01
3.162232427328963702e-01
3.139158064969948536e-01
3.136534731097835316e-01
3.130802072349377352e-01
3.125174750691239178e-01
3.102473591596812130e-01
3.102391261171386638e-01
3.057673203915438065e-01
3.057085348662849644e-01
3.052007429577046072e-01
3.048254788202786614e-01
3.036884540519103060e-01
3.035570814494817360e-01
3.017128489653169710e-01
3.015650958463274023e-01
3.014310771851830273e-01
3.013558677261689578e-01
3.004555603077256332e-01
3.001221599049365141e-01
2.971139293227975098e-01
2.970697056948554682e-01
2.946441202796177272e-01
2.946410272970823585e-01
2.933512151113844557e-01
2.930673610097159765e-01
2.927883037968663782e-01
2.926986783770345046e-01
2.906778541828214379e-01
2.906524595327251714e-01
2.901328193298995939e-01
2.893597279745999673e-01
2.892345259140323144e-01
2.889377303286838616e-01
2.877980367012815122e-01
2.876973761942595020e-01
2.872731675913580141e-01
2.872024756798238765e-01
2.870424903209580769e-01
2.870273223098792625e-01
2.848589594909312073e-01
2.847339785151258851e-01
2.841236348596667405e-01
2.840596333945907825e-01
2.809995455565035827e-01
2.808713456711843803e-01
2.802941003720014201e-01
2.797891084345484614e-01
2.742495333337722774e-01
2.741161858433446286e-01
2.729356148969563356e-01
2.727472101977289620e-01
2.690898985659386788e-01
2.690772597140115852e-01
2.673207305740039064e-01
2.673160347929873781e-01
2.663106196397414527e-01
2.662709515443700825e-01
2.661733240954593516e-01
2.659950731011272440e-01
2.658643461372225403e-01
2.656474913592138942e-01
2.655667267268031484e-01
2.646202678932300101e-01
2.635098979118486451e-01
2.630329055412187755e-01
2.617773711949539783e-01
2.617539978957313385e-01
2.609269150881637356e-01
2.608595829107058228e-01
2.534481954787146663e-01
2.534134521855076483e-01
2.520860109320525178e-01
2.520324498772139044e-01
2.495244805100448326e-01
2.489416181700385700e-01
2.476755180790674027e-01
2.474556768449043820e-01
2.464219714074191436e-01
2.464077728412502333e-01
2.416504067098388386e-01
2.416231909975412595e-01
2.404777421883468047e-01
2.404520551876405399e-01
2.340707978136252754e-01
2.338213138126842561e-01
2.328419300183902918e-01
2.328273302816953882e-01
2.321277355352580896e-01
2.312118666128776812e-01
2.284199759978312316e-01
2.283701630363608737e-01
2.251188079947112342e-01
2.246202233754524547e-01
2.166830495400535739e-01
2.162280341429975161e-01
2.048736910639022690e-01
2.048340821202830619e-01
2.034037962766446217e-01
2.024932989342969336e-01
1.979630925422176946e-01
1.977479719540866376e-01
1.971647588467407564e-01
1.970802919708029288e-01
1.961379142173982071e-01
1.961015929293764004e-01
1.958160873078212405e-01
1.955175273189161678e-01
1.941628088505581717e-01
1.936735715980344996e-01
1.928767831667300703e-01
1.927494264116854372e-01
1.869025884359571676e-01
1.868719247882863754e-01
1.838917666282866847e-01
1.834116696752723652e-01
1.815140974443901212e-01
1.812327198422224728e-01
1.690378844244182777e-01
1.689172642667664259e-01
1.685950198629041774e-01
1.683230907614229332e-01
1.678668216942238722e-01
1.676367973789435195e-01
1.630454925261121124e-01
1.625227351435444001e-01
1.593321617945627489e-01
1.589355410480496056e-01
1.564494482406947051e-01
1.562861502346824250e-01
1.507227089592735880e-01
1.505548219183507341e-01
1.256876317552987343e-01
1.254043725778200558e-01
1.216426220368223982e-01
1.207759224864750347e-01
1.039277654053265415e-01
1.033749745194487007e-01
9.855941912394106108e-02
9.845124076180965245e-02
8.019613223021736237e-02
7.878419461779823108e-02
9.746048404171928775e-03
